-2.169029736
0.294391892
-0.880803717
-1.177408339
-0.604239948
0.065124536
0.425058252
-0.904051106
-1.285628944
-1.481227668
-0.207431063
-1.785046996
-0.461549076
-0.623479167
0.565344222
-1.029106028
-0.664362507
0.218236651
-0.714063822
0.697613851
-1.13091356
0.638292926
-1.974232647
0.433876227
0.538088662
0.0971899
0.017026489
0.480371006
-1.850780993
-0.993032493
-0.51285366
-1.156565852
-1.233522727
-0.584199096
0.658333779
0.476362835
0.3368785
0.834693284
-0.768574941
-1.82673197
0.618252073
-1.03151093
0.417843545
0.496403688
0.674366461
-0.524076537
0.586186709
-1.905292113
-0.882406985
0.80663609
