-0.497129844
-0.714874603
-0.950875917
-0.144595356
0.487393104
0.45484951
-0.914379352
0.701655676
-0.506161158
0.177528736
0.454211164
-0.712901954
-0.560241127
-0.992474665
-0.847006019
-0.370148929
0.430922412
0.057875219
0.319139521
0.507970636
-0.689181573
-0.830312431
0.560256251
0.680650972
-0.815246337
-0.927430616
-0.98982977
0.576055577
-0.479360815
-0.778955972
-0.40903858
0.417064367
-0.861144954
0.757890423
-0.904071452
-0.449712103
-0.963233666
-0.77800505
0.39624894
-0.961206216
0.28033593
0.028967388
-0.438733777
-0.094643966
0.599742334
-0.971730474
-0.014470205
-0.008839004
-0.212333149
0.761293858
